.Random.seed <-
c(10403L, 10L, 4570602L, 152257932L, 9083599L, -2131384699L, 
-68270788L, -804206574L, 753821453L, -470301625L, -335452626L, 
-1089024120L, -1397175669L, -1050895255L, 815185976L, 703695078L, 
1004777601L, 577538067L, -1461575742L, -1537660812L, 1933311607L, 
2002952045L, 347054084L, -947086550L, -197574507L, 1796685615L, 
-2034547146L, 1123050080L, 467411107L, -240241727L, -765050960L, 
1856047822L, -190318535L, -1962033589L, 1287750650L, -1130746116L, 
1471046463L, -1649546219L, -984824020L, 1240493058L, 1050480349L, 
-1173660201L, 285866174L, 1983441656L, -1841631013L, 1086567225L, 
-188942712L, 578060854L, -1498719631L, -622927709L, -578770446L, 
1167231300L, 46113287L, 2045161437L, -695060268L, -1331460102L, 
-1094287547L, 412216223L, 1400693030L, 249811376L, -1684501933L, 
2012771697L, -741583712L, 254571582L, -1588462775L, 215296507L, 
445648330L, -2008710356L, -1530713297L, -478219803L, -934904676L, 
-1181804302L, 62886253L, -914891097L, -847245106L, 25919016L, 
1532233259L, -18625463L, -1210167976L, 988509190L, 1840002529L, 
-1810063501L, -829916190L, -490302636L, -1399374249L, -997022131L, 
1049565668L, -1502235702L, 1716729397L, -1206674289L, -2033027690L, 
-2122708672L, -158137341L, 619312673L, -1931910896L, 511528686L, 
-896355687L, 1966574379L, -1679616486L, 632634588L, -1242337057L, 
-1371726155L, 94787660L, 1353458850L, 462517245L, -1110593289L, 
-549202402L, 2019453144L, -99935173L, 1182508505L, 477823848L, 
-1415778666L, -1292498927L, -1637275197L, -207333934L, 709893220L, 
5434279L, 1904805117L, -1579720460L, 619091930L, 529419045L, 
2064063039L, -1747787322L, -1301948848L, 483551859L, 291720849L, 
-1579624768L, 577634462L, 730475625L, -231753573L, -1990919766L, 
1224303052L, 1505021071L, -502070075L, 78169212L, -1253164846L, 
-573597619L, 2093191431L, 874865902L, -1363685944L, -1620561205L, 
-1664550103L, 1989516152L, 183099558L, 817388225L, -1934095533L, 
348174338L, -1817324236L, -1164894537L, -789953875L, 134091716L, 
200178666L, -556809131L, -170223121L, -71024138L, -1358932192L, 
684312803L, -1678615167L, -1112851472L, -291839346L, -1205578247L, 
740706187L, -1025027142L, -1148048708L, 1551016447L, 1167929173L, 
-1948538772L, 2066619586L, -1979320547L, 402501015L, 792300798L, 
-683796808L, -1332090725L, -1302821127L, 1017251912L, -929236106L, 
-1047847247L, 1166577379L, -1325802062L, -1857845756L, -227377849L, 
-1474283491L, -1451467116L, 1092490810L, -1461651323L, -1378882209L, 
-681523738L, -1663550352L, -1017176173L, -698763215L, -429541664L, 
-627998850L, -166971895L, -984621509L, 865452042L, 1394335724L, 
-1289022353L, -1860768859L, 263244636L, -546400462L, 658466349L, 
-1303827225L, -1969652210L, -302005272L, 64708075L, -772438391L, 
286635544L, -508035770L, 2042239905L, -1449503181L, 1717865378L, 
-514998636L, -1416012521L, 527747853L, 1079351844L, 1096483338L, 
1812601717L, 1481178831L, 100078038L, 886766976L, -860752445L, 
1773212513L, -1398363696L, -1107304146L, 973146329L, 1905328875L, 
-710275238L, -1809024740L, -1558851553L, -1803589504L, 254307412L, 
-1311091736L, -2013893382L, 993423184L, -1903511764L, -1400185484L, 
-2126332014L, 1266363488L, -330611316L, 1046332256L, -1717180958L, 
-1914498136L, 271751372L, -606399492L, 1917710770L, 645283312L, 
-1969479740L, -2059220648L, 1050873210L, -1155319888L, -1028448836L, 
1501271124L, 567347138L, 1967089696L, 1468301500L, -1037154736L, 
-1438353438L, 1331681384L, 1565825100L, 1261937916L, -1820239886L, 
-274219776L, -1988160140L, -2034745336L, -62237766L, 918230480L, 
22056940L, -1614666348L, -693116462L, -780494496L, 1962679116L, 
580776224L, 2115471234L, 652410600L, 384280812L, 37980220L, -828620942L, 
976473712L, 1479162916L, -1194848456L, 113867930L, 1440170704L, 
-19427140L, 681967252L, 603156098L, -1716502336L, 1425598268L, 
42725520L, 2119745058L, 565046280L, 1848454412L, 1620360348L, 
89256466L, -101756032L, -537352684L, 1062813224L, -2066891462L, 
588525008L, -398346132L, -1148484300L, -1626944878L, 1581285216L, 
1949192012L, -2005788704L, -1736815710L, 1377123240L, 1525606796L, 
-5395268L, -1561804430L, 536254704L, -32073660L, 463938904L, 
-881259974L, -2072670352L, -581940164L, -1271336172L, -1716357694L, 
253198048L, -1551209604L, 2116813520L, 512629922L, 594780200L, 
1874344204L, 1233353660L, 514157874L, 1115759040L, 547084852L, 
1137405896L, -1668322118L, -971902576L, 686002668L, -607197612L, 
-1595198318L, 381502240L, 1119101388L, 2137335264L, 980342466L, 
-1571604440L, -1403353428L, 513331388L, -2136416782L, 71626032L, 
170337444L, -549426504L, 1489508698L, 1301473680L, 812111740L, 
-85341932L, 110591810L, 1235209984L, -880430148L, -1508883632L, 
476639010L, 334099784L, 1048833548L, -1665800100L, -93540142L, 
1564352000L, 90169684L, -1547121176L, -517854214L, -1599570736L, 
-1524754132L, 119813876L, 2131926418L, -709726112L, -113773300L, 
1261693664L, -841282206L, -917232984L, 124283468L, -972753540L, 
-1265653454L, -135988112L, -2135430332L, 2080768472L, -829004678L, 
-2134006224L, 1918870204L, 319624020L, -1595711422L, 1208699296L, 
-237562180L, -745468464L, -1650086558L, 405399528L, -2118361140L, 
399442684L, 1124533746L, 1804909696L, -1927423756L, -1214203256L, 
2061937466L, 1925363536L, 953547372L, 823249044L, 1149305170L, 
-1437571360L, -781379892L, 778049696L, -281438334L, -1548515608L, 
-528482580L, 304996412L, 1885988466L, 697332848L, -2073650652L, 
104851512L, -2134314982L, 1826842320L, 1593695292L, 358177940L, 
-647673726L, 1922596800L, -619132612L, 756213392L, -952016862L, 
1956509704L, -1853186932L, 1558074396L, -252294510L, -330510208L, 
676127764L, 1157445928L, -489973190L, -1375701808L, -871263124L, 
-318198092L, -377731054L, 2001111008L, -709794868L, -1343226400L, 
-281198046L, -1250939608L, -970906356L, -1784521156L, -103739150L, 
-624144656L, -598839484L, 756514392L, 2024262202L, -2057048336L, 
320344252L, -1352822252L, 900109506L, -777702304L, 341015932L, 
521949392L, 397100066L, 493313704L, -729382004L, -506360388L, 
1174862898L, 925083456L, -649845580L, 484566856L, -958554545L, 
-525752L, -455136282L, 1249445139L, 1261525621L, 1595893842L, 
-120206688L, 610654089L, 1919689659L, 107160588L, 320127386L, 
2067087631L, -1948111015L, -1791155730L, -856077188L, -1885685523L, 
1190195095L, 613947488L, -1262912962L, -440702197L, -500010611L, 
1645804218L, 1382510840L, -88969567L, 1897334355L, -1629259404L, 
-624591102L, 752146327L, 1494702433L, -1007033946L, 1595470756L, 
1647939157L, -608194817L, 1413305240L, -234683210L, 611537219L, 
1514473605L, -736628446L, -390970864L, 242207161L, -1486001557L, 
-1771797156L, 288912522L, -270492545L, 2104341961L, -1403007394L, 
665799948L, 1046075613L, 1147401703L, -1241518576L, -823024850L, 
-1715460133L, 1103657149L, 179925546L, 935517896L, -126989327L, 
-641770141L, -472951452L, 2090244242L, -2071564953L, 1492842289L, 
-981586826L, 227317140L, -483458651L, -278422865L, 1075800936L, 
1268078406L, 1337724659L, 1345466453L, 1942187058L, -1880815104L, 
1863068393L, 467079515L, -198067284L, -2111146054L, 661733743L, 
1234455289L, -1990229106L, -1637700004L, 590011597L, 227386423L, 
747826880L, 932174238L, 2082456171L, -950941203L, 1718057050L, 
-1620261096L, 765758593L, 999103027L, 1628874836L, 1838672994L, 
-2134277385L, 1832676673L, -1509008442L, 1645062404L, -211302219L, 
1556101023L, -1489774600L, 1856997846L, 1511919715L, -275069915L, 
-100527166L, -1886689104L, 1798997209L, 199017035L, -407994180L, 
677951210L, -637130977L, -198142039L, 1483481406L, 1739442220L, 
66295421L, 269957319L, -841386576L, -373960754L, -531442437L, 
1572766557L, -156923766L, -2009475416L, -39962095L, 1124698883L, 
222731780L, -1939698126L, -622973305L, 1532453585L, -496995242L, 
-2075476940L, 860086085L, 1219683727L, -93461240L, -1351059674L, 
637179859L, -1651435211L, 1797165202L, 314921056L, -128809527L, 
-1930404613L, 585355980L, 1581447002L, 1392673359L, -342481127L, 
-1422307026L, -695209156L, 2036488365L, -691864745L, 424210080L, 
